NAME: 11.txt
COMMENT: Drill Holes shrinked to 5
TYPE: txt
DIMENSION: 6
LAST_RUN: 11
HORIZONTAL_SECTION: 3 4 5 6 7 8 9 10 11
TIME_SECTION
ClassicSolver: 1.2448549270629883e-05 1.1566400527954101e-05 1.0226964950561524e-05 1.0553359985351563e-05 1.185297966003418e-05 1.1805057525634766e-05 1.8333673477172853e-05 1.3538837432861328e-05 1.3546228408813477e-05
LazyCuttingPlane: 1.1304378509521485e-05 1.0654926300048828e-05 1.3867139816284179e-05 1.4974355697631836e-05 1.925206184387207e-05 6.281828880310058e-05 0.00024412012100219726 0.000680039644241333 0.0014669573307037353
MTZSolver: 1.1063337326049804e-05 1.6090631484985353e-05 2.042341232299805e-05 5.237650871276855e-05 0.00020899128913879394 0.00018546009063720703 0.0005139193534851074 0.0005661537647247315 0.0014311892986297607
CuttingPlane: 1.222825050354004e-05 1.0320425033569336e-05 1.1322975158691406e-05 1.6513347625732422e-05 2.0828962326049805e-05 7.526588439941406e-05 0.0002727460861206055 0.0009552671909332275 0.0021486780643463137
DLSolver: 1.419997215270996e-05 1.2526988983154297e-05 2.9717445373535158e-05 1.8913745880126953e-05 0.00022754144668579103 0.0004655892848968506 0.0006052651405334473 0.0007586181163787842 0.0012804746627807617
