NAME: 5.txt
COMMENT: Drill Holes shrinked to 5
TYPE: txt
DIMENSION: 6
LAST_RUN: 5
HORIZONTAL_SECTION: 3 4 5
TIME_SECTION
ClassicSolver: 1.4634847640991212e-05 1.1681556701660157e-05 1.397991180419922e-05
LazyCuttingPlane: 1.222372055053711e-05 1.0918855667114257e-05 1.2160539627075196e-05
MTZSolver: 1.8205881118774415e-05 2.0957469940185547e-05 2.7584314346313477e-05
CuttingPlane: 8.961915969848632e-06 1.247572898864746e-05 1.1905670166015625e-05
DLSolver:
DefaultSolver:
