NAME: drill_holes17.txt
COMMENT: Drill Holes shrinked to 5
TYPE: txt
DIMENSION: 6
LAST_RUN: 12
HORIZONTAL_SECTION: 3 4 5 6 7 8 9 10 11 12
TIME_SECTION
ClassicSolver: 9.923934936523438e-06 1.3394355773925781e-05 1.4836549758911133e-05 1.677703857421875e-05 1.198267936706543e-05 1.225590705871582e-05 1.3472318649291992e-05 1.3469934463500977e-05 1.9589662551879884e-05 1.549839973449707e-05
LazyCuttingPlane: 1.5082836151123047e-05 9.993553161621093e-06 1.436448097229004e-05 1.7134666442871093e-05 1.9936084747314452e-05 8.410286903381347e-05 0.0002628788948059082 0.0008999755382537842 0.0016107206344604492 0.017151272773742676
MTZSolver: 9.273290634155274e-06 1.4805793762207032e-05 2.1831512451171874e-05 2.4678707122802736e-05 2.6404380798339845e-05 2.8260469436645508e-05 2.977299690246582e-05 2.7207374572753906e-05 2.7396440505981447e-05 2.452230453491211e-05
CuttingPlane: 1.3134479522705079e-05 1.10626220703125e-05 1.230788230895996e-05 2.0793676376342774e-05 2.153778076171875e-05 4.427266120910645e-05 6.139492988586426e-05 0.0004517149925231934 0.0007650268077850342 0.008864315032958984
DLSolver: 1.1768579483032226e-05 1.8473625183105467e-05 2.9033422470092775e-05 2.0882368087768555e-05 2.1532535552978514e-05 2.3794174194335937e-05 2.3084163665771485e-05 2.4349689483642577e-05 2.4892807006835938e-05 2.4830102920532226e-05
