NAME: orion15.txt
COMMENT: Drill Holes shrinked to 5
TYPE: txt
DIMENSION: 6
LAST_RUN: 15
HORIZONTAL_SECTION: 3 4 5 6 7 8 9 10 11 12 13 14 15
TIME_SECTION
ClassicSolver: 0.00036765289306640625 1.293778419494629e-05 1.9552707672119142e-05 1.728224754333496e-05 1.64642333984375e-05 1.7380952835083007e-05 1.6431570053100585e-05 1.5565633773803712e-05 1.4677047729492188e-05 1.580476760864258e-05 1.724839210510254e-05 1.7261505126953126e-05 2.209305763244629e-05
LazyCuttingPlane: 1.5135765075683594e-05 1.6234636306762696e-05 2.0725250244140624e-05 2.579998970031738e-05 2.624654769897461e-05 5.451369285583496e-05 0.00014365029335021973 0.0011973493099212645 0.0009190695285797119 0.015109681606292724 0.0309399151802063 0.0017375223636627198 0.0041255588531494145
MTZSolver: 1.1668682098388672e-05 1.1496543884277343e-05 1.604628562927246e-05 1.5519142150878906e-05 1.7391443252563475e-05 1.5467405319213867e-05 1.806950569152832e-05 1.398301124572754e-05 1.781320571899414e-05 1.3953447341918945e-05 1.4850378036499023e-05 2.0832300186157225e-05 1.900768280029297e-05
CuttingPlane: 1.842188835144043e-05 2.269744873046875e-05 1.7669677734375e-05 1.4466524124145508e-05 2.442479133605957e-05 5.224037170410156e-05 6.965017318725586e-05 0.00041483330726623533 0.0007173457145690918 0.007719309091567993 0.014811699628829956 2.0645856857299804e-05 2.4161577224731444e-05
DLSolver: 1.3916492462158203e-05 1.7198801040649414e-05 2.237105369567871e-05 1.887822151184082e-05 2.2391319274902343e-05 1.361703872680664e-05 2.1214962005615234e-05 2.732968330383301e-05 1.8309593200683595e-05 1.8547296524047853e-05 2.001070976257324e-05 2.797698974609375e-05 2.939581871032715e-05
