NAME: qatar194_7.txt
COMMENT: Running all night for qatar!
TYPE: txt
DIMENSION: 5
LAST_RUN: 63
HORIZONTAL_SECTION: 3 8 13 18 23 28 33 38 43 48 53 58 63
TIME_SECTION
ClassicSolver: 0.01502370834350586 0.019250869750976562 0.024770021438598633 0.03871655464172363 0.03919100761413574 0.03729248046875 0.040070295333862305 0.041281938552856445 0.03926229476928711 0.03573107719421387 0.03253602981567383 0.03813290596008301 0.03863716125488281
LazyCuttingPlane: 0.010538101196289062 0.01968240737915039 1.2624728679656982 0.32001733779907227 0.5997529029846191 0.6176307201385498 0.6024410724639893 0.6095471382141113 0.5981972217559814 0.6089019775390625 0.6069538593292236 0.6041281223297119 0.6008846759796143
MTZSolver: 0.012965917587280273 0.07161664962768555 0.6640779972076416 1.9118311405181885 7.3437135219573975 7.283425569534302 7.289545774459839 7.31958270072937 7.278657913208008 7.284276962280273 7.298333168029785 7.293357849121094 7.568633556365967
CuttingPlane: 0.01416778564453125 0.06716370582580566 39.266849517822266 1.8010218143463135 3.596682548522949 3.56596040725708 3.566741704940796 3.552030324935913 3.5865325927734375 3.5702686309814453 3.5921292304992676 3.5965192317962646 3.6072769165039062
DLSolver: 0.014704227447509766 0.04279661178588867 0.3848252296447754 0.2622692584991455 2.90535831451416 2.9119503498077393 2.913461685180664 2.9053781032562256 2.892788887023926 2.903055191040039 2.904792308807373 2.909550666809082 3.38752818107605
VALUES_SECTION
ClassicSolver: 1130.0 1668.0 1915.0 2328.0 2702.0 2702.0 2702.0 2702.0 2702.0 2702.0 2702.0 2702.0 2702.0
LazyCuttingPlane: 1130.0 1823.0 2073.0 2458.0 2966.0 2966.0 2966.0 2966.0 2966.0 2966.0 2966.0 2966.0 2966.0
MTZSolver: 1130.0 1823.0 2100.0 2458.0 2966.0 2966.0 2966.0 2966.0 2966.0 2966.0 2966.0 2966.0 2966.0
CuttingPlane: 1130.0 1823.0 2870.0 2457.0 2914.0 2914.0 2914.0 2914.0 2914.0 2914.0 2914.0 2914.0 2914.0
DLSolver: 1130.0 1823.0 2100.0 2458.0 2966.0 2966.0 2966.0 2966.0 2966.0 2966.0 2966.0 2966.0 2966.0
LIMITANTE_DOWN_SECTION
LIMITANTE_UP_SECTION
