NAME: qatar194_3.txt
COMMENT: Long running
TYPE: txt
DIMENSION: 6
LAST_RUN: 13
HORIZONTAL_SECTION: 3 4 5 6 7 8 9 10 11 12 13
TIME_SECTION
ClassicSolver: 0.1167917251586914 0.14234542846679688 0.152740478515625 0.12703657150268555 0.19023656845092773 0.12053489685058594 0.13939142227172852 0.13698816299438477 0.1431417465209961 0.14896392822265625 0.1600337028503418
LazyCuttingPlane: 0.10458707809448242 0.11908769607543945 0.13027191162109375 0.1546931266784668 0.16882896423339844 0.19240140914916992 0.2368640899658203 0.28102874755859375 0.3551912307739258 12.5087308883667 12.51558780670166
MTZSolver: 0.10045051574707031 0.18059015274047852 0.15691518783569336 0.4521965980529785 0.977022647857666 0.6403899192810059 1.1726093292236328 2.075502872467041 2.375514507293701 7.771363258361816 6.658124923706055
CuttingPlane: 0.13352394104003906 0.11974096298217773 0.13068675994873047 0.1670217514038086 0.26325464248657227 0.6132268905639648 0.9431958198547363 8.043475151062012 11.489636898040771 79.10305261611938 147.19098567962646
DLSolver: 0.1570439338684082 0.11926651000976562 0.36551952362060547 0.27163267135620117 0.21787405014038086 0.3843355178833008 0.38498640060424805 1.6214895248413086 0.3408670425415039 6.36713981628418 3.8790440559387207
VALUES_SECTION
ClassicSolver: 1130.0 1132.0 1352.0 1418.0 1672.0 1668.0 1693.0 1682.0 1714.0 1804.0 1915.0
LazyCuttingPlane: 1130.0 1173.0 1554.0 1684.9999999999998 1737.0 1823.0 1906.0 1915.9999999999998 1973.0 2048.0 2073.0
MTZSolver: 1130.0 1173.0 1554.0000000000002 1685.0 1737.0 1823.0 1905.9999999999995 1916.0 1973.0 2058.0 2100.0
CuttingPlane: 1130.0 1173.0 1554.0 1684.9999999999998 1737.0 1823.0 1906.0 2545.0 1973.0 0.0 0.0
DLSolver: 1130.0 1173.0 1554.0 1685.0 1737.0000000000002 1822.9999999999998 1906.0 1915.999999999998 1973.0000000000005 2058.0000000000005 2100.0
