NAME: qatar194_1.txt
COMMENT: Drill Holes shrinked to 5
TYPE: txt
DIMENSION: 6
LAST_RUN: 15
HORIZONTAL_SECTION: 3 4 5 6 7 8 9 10 11 12 13 14 15

TIME_SECTION
ClassicSolver: 0.012462615966796875 0.011970043182373047 0.01752495765686035 0.010370492935180664 0.20839452743530273 0.17028331756591797 0.16991138458251953 0.13170480728149414 0.15785932540893555 0.14713764190673828 0.1633453369140625 0.1664280891418457 0.17478704452514648
LazyCuttingPlane: 0.008721590042114258 0.010453224182128906 0.01506495475769043 0.013641357421875 0.22125005722045898 0.25969982147216797 0.22452116012573242 0.30278444290161133 0.3800678253173828 11.979598999023438 11.992936134338379 9.367444515228271 15.252842903137207
MTZSolver: 0.009109020233154297 0.015526294708251953 0.016623258590698242 0.039862632751464844 1.2544870376586914 0.7616114616394043 1.1571955680847168 2.0350003242492676 2.629690170288086 7.824811935424805 6.6510725021362305 9.885025024414062 10.169470310211182
CuttingPlane: 0.00905752182006836 0.010317802429199219 0.01445913314819336 0.010758638381958008 0.17561674118041992 0.16793251037597656 0.1399707794189453 0.1422882080078125 0.17337799072265625 0.16214370727539062 0.1977705955505371 0.18247604370117188 0.19227266311645508
DLSolver: 0.012717962265014648 0.013311624526977539 0.02313685417175293 0.029241323471069336 0.3115677833557129 0.5532646179199219 0.3826141357421875 1.8329167366027832 0.3375434875488281 6.355702877044678 3.8875603675842285 3.088042736053467 5.420627593994141
