NAME: qatar194_4.txt
COMMENT: Long running
TYPE: txt
DIMENSION: 6
LAST_RUN: 12
HORIZONTAL_SECTION: 3 4 5 6 7 8 9 10 11 12
TIME_SECTION
ClassicSolver: 0.014098405838012695 0.01018071174621582 0.013676881790161133 0.011228561401367188 0.013655662536621094 0.02354884147644043 0.017507076263427734 0.014927864074707031 0.015762805938720703 0.015685558319091797
LazyCuttingPlane: 0.01036524772644043 0.010501384735107422 0.013994216918945312 0.01699090003967285 0.030031681060791016 0.02141737937927246 0.02817702293395996 0.031503915786743164 0.0341343879699707 1.2558977603912354
MTZSolver: 0.017240524291992188 0.014846563339233398 0.021831512451171875 0.048207759857177734 0.15946340560913086 0.08248782157897949 0.17624902725219727 0.2073676586151123 0.2423555850982666 0.7825024127960205
CuttingPlane: 0.01466989517211914 0.01035618782043457 0.01342320442199707 0.017809152603149414 0.023353099822998047 0.09669756889343262 0.11836743354797363 0.8674283027648926 1.1722276210784912 7.903482675552368
DLSolver: 0.012022733688354492 0.015645503997802734 0.025345563888549805 0.031183958053588867 0.03840899467468262 0.05074310302734375 0.05119752883911133 0.17925190925598145 0.03404951095581055 0.6463313102722168
VALUES_SECTION
ClassicSolver: 1130.0 1132.0 1352.0 1418.0 1672.0 1668.0 1693.0 1682.0 1714.0 1804.0
LazyCuttingPlane: 1130.0 1173.0 1554.0 1684.9999999999998 1737.0 1823.0 1906.0 1915.9999999999998 1973.0 2048.0
MTZSolver: 1130.0 1173.0 1554.0000000000002 1685.0 1737.0 1823.0 1905.9999999999995 1916.0 1973.0 2058.0
CuttingPlane: 1130.0 1173.0 1554.0 1684.9999999999998 1737.0 1823.0 1906.0 2545.0 1973.0 0.0
DLSolver: 1130.0 1173.0 1554.0 1685.0 1737.0000000000002 1822.9999999999998 1906.0 1915.999999999998 1973.0000000000005 2058.0000000000005
