NAME: qatar194_5.txt
COMMENT: Running all night for qatar!
TYPE: txt
DIMENSION: 5
LAST_RUN: 16
HORIZONTAL_SECTION: 3 8 10 12 14 16
TIME_SECTION
ClassicSolver: 0.012178659439086914 0.020803451538085938 0.0354764461517334 0.019123077392578125 0.022841215133666992 0.018903732299804688
LazyCuttingPlane: 0.008834600448608398 0.02631235122680664 0.03501296043395996 1.3522942066192627 1.0004827976226807 1.2459561824798584
MTZSolver: 0.008063793182373047 0.07470822334289551 0.2399730682373047 0.8140830993652344 0.9856047630310059 2.6729626655578613
CuttingPlane: 0.01024484634399414 0.07472467422485352 0.3290853500366211 1.2820374965667725 2.4140965938568115 1.6737115383148193
DLSolver: 0.012392759323120117 0.03820347785949707 0.22432565689086914 1.0953454971313477 0.3092374801635742 0.8255496025085449
VALUES_SECTION
ClassicSolver: 1130.0 1668.0 1682.0 1804.0 1920.0 2066.0
LazyCuttingPlane: 1130.0 1823.0 1915.9999999999998 2048.0 2071.0 2223.0
MTZSolver: 1130.0 1823.0 1916.0 2058.0 2133.0 2294.0
CuttingPlane: 1130.0 1823.0 1915.9999999999998 2058.0 2133.0 2158.0
DLSolver: 1130.0 1822.9999999999998 1915.999999999998 2058.0000000000005 2133.0 2294.0
