NAME: qatar194.txt
COMMENT: Running qatar194
TYPE: txt
DIMENSION: 3
LAST_RUN: 194
HORIZONTAL_SECTION: 194
TIME_SECTION
MTZSolver: 593.5522379875183
DLSolver: 593.5018830299377
GGSolver: 520.85693526268
VALUES_SECTION
MTZSolver: 39795.0
DLSolver: 38380.0
GGSolver: 39690
