NAME: qatar194_2.txt
COMMENT: Long running
TYPE: txt
DIMENSION: 6
LAST_RUN: 15
HORIZONTAL_SECTION: 3 4 5 6 7 8 9 10 11 12 13 14 15
TIME_SECTION
ClassicSolver: 3.7903666496276855 0.12591838836669922 0.09862899780273438 0.11361837387084961 0.110321044921875 0.11749029159545898 0.15418052673339844 0.16144990921020508 0.14552831649780273 0.1510930061340332 0.1552748680114746 0.1784348487854004 0.17462730407714844
LazyCuttingPlane: 0.13463258743286133 0.13379573822021484 0.1549386978149414 0.15925884246826172 0.18050670623779297 0.21057367324829102 0.22003650665283203 0.3001832962036133 0.3504323959350586 11.934669017791748 14.655256271362305 10.318758487701416 19.90809679031372
MTZSolver: 0.09845495223999023 0.14020919799804688 0.14825820922851562 0.5492353439331055 0.8500099182128906 0.5872631072998047 1.068863868713379 1.9064140319824219 2.4768805503845215 7.787942886352539 7.597784996032715 10.169453620910645 10.165927410125732
CuttingPlane: 0.08525371551513672 0.09876728057861328 0.10917186737060547 0.14659404754638672 0.16533851623535156 0.601963996887207 1.0581564903259277 2.4790287017822266 1.9537711143493652 10.111396312713623 10.46271562576294 10.077641010284424 13.664693832397461
DLSolver: 0.11310815811157227 0.10711431503295898 0.25212526321411133 0.359344482421875 0.21242141723632812 0.40007829666137695 0.37796497344970703 1.6094183921813965 0.34031152725219727 6.353652477264404 4.498600959777832 3.1148338317871094 5.4187822341918945
VALUES_SECTION
ClassicSolver: 1130.0 1132.0 1352.0 1418.0 1672.0 1668.0 1693.0 1682.0 1714.0 1804.0 1915.0 1920.0 1974.0
LazyCuttingPlane: 1130.0 1173.0 1554.0 1684.9999999999998 1737.0 1823.0 1906.0 1915.9999999999998 1973.0 2048.0 2073.0 2071.0 2169.0
MTZSolver: 1130.0 1173.0 1554.0000000000002 1685.0 1737.0 1823.0 1905.9999999999995 1916.0 1973.0 2058.0 2100.0 2142.0 2582.0
CuttingPlane: 1130.0 1173.0 1554.0 1684.9999999999998 1737.0 1823.0 1906.0 1915.9999999999998 1973.0 2058.0 2920.0 2953.0 3051.0
DLSolver: 1130.0 1173.0 1554.0 1685.0 1737.0000000000002 1822.9999999999998 1906.0 1915.999999999998 1973.0000000000005 2058.0000000000005 2100.0 2133.0 2240.0
