-1	20	25	33	33	43	56
20	-1	19	35	43	51	66		
25	19	-1	17	28	34	50		
33	35	17	-1	16	19	35		
33	43	28	16	-1	10	24		
43	51	34	19	10	-1	16		
