-1	20	25	33	33	43	56	64
20	-1	19	35	43	51	66	73
25	19	-1	17	28	34	50	56
33	35	17	-1	16	19	35	40
33	43	28	16	-1	10	24	31
43	51	34	19	10	-1	16	22
56	66	50	35	24	16	-1	8
64	73	56	40	31	22	8	-1